00 - 01	13,21	97,53	107,21	64,89	82,03	130,01	61,38	0,00
01 - 02	10,44	98,19	101,10	58,57	72,22	120,00	52,68	-0,10
02 - 03	10,26	94,91	96,73	68,07	43,91	118,76	52,93	-1,33
03 - 04	4,16	78,04	81,37	27,68	16,28	115,00	42,75	-4,08
04 - 05	4,16	74,46	75,75	37,33	8,56	113,63	50,08	-4,16
05 - 06	4,16	65,13	81,00	65,10	20,98	116,27	67,91	-3,58
06 - 07	10,63	71,75	97,45	95,05	72,45	138,92	105,08	-4,37
07 - 08	16,47	89,37	107,82	137,96	105,10	159,92	140,64	-0,12
08 - 09	51,04	110,90	122,80	137,99	134,16	169,17	149,80	-0,06
09 - 10	83,31	113,96	138,27	142,99	129,30	171,18	154,66	0,00
10 - 11	93,99	100,00	139,97	145,70	120,70	168,57	145,61	0,00
11 - 12	103,87	88,32	131,72	145,80	96,77	169,49	143,35	0,00
12 - 13	101,69	87,90	122,22	142,35	105,03	164,50	144,38	0,00
13 - 14	99,00	68,84	116,09	143,32	106,00	160,91	143,76	0,10
14 - 15	104,29	91,21	129,22	151,03	105,07	163,06	148,20	1,50
15 - 16	97,89	82,96	137,20	159,48	103,90	166,46	155,34	23,50
16 - 17	96,20	85,07	140,75	172,73	107,98	166,88	163,17	36,54
17 - 18	115,64	100,48	155,93	183,90	129,82	171,23	173,80	46,03
18 - 19	122,61	103,82	163,50	194,67	167,29	169,01	174,74	44,43
19 - 20	109,66	98,93	146,74	177,98	160,60	160,99	165,76	54,95
20 - 21	104,68	90,98	139,40	163,99	132,10	149,62	153,00	47,38
21 - 22	98,87	64,88	132,00	152,00	110,82	131,50	141,67	40,24
22 - 23	99,35	53,27	129,94	144,64	109,89	115,10	134,91	45,96
23 - 00	81,27	40,25	121,38	127,00	104,75	95,02	124,22	35,00

00 - 01	60,01	25,00	80,00	36,58	37,79	7,41	105,98	75,13
01 - 02	60,01	17,08	73,50	22,21	13,19	0,89	96,79	64,38
02 - 03	62,72	13,94	65,91	15,39	10,00	1,15	95,31	60,28
03 - 04	56,10	4,16	49,95	5,03	6,27	0,08	90,19	39,41
04 - 05	63,30	3,10	45,37	5,98	7,60	0,08	95,60	35,94
05 - 06	87,00	4,16	45,00	28,91	30,02	5,53	108,60	43,99
06 - 07	154,63	4,16	48,23	58,92	91,12	64,37	138,84	85,26
07 - 08	175,11	5,00	59,39	92,58	118,91	99,99	157,20	160,32
08 - 09	185,99	16,18	60,65	111,33	120,99	142,35	181,67	180,00
09 - 10	170,00	26,73	68,71	106,03	120,00	145,72	177,94	177,27
10 - 11	166,29	31,49	63,99	98,74	102,84	135,46	158,58	159,56
11 - 12	155,99	39,77	69,55	91,17	100,91	132,59	148,51	161,21
12 - 13	147,98	39,41	67,64	82,89	91,28	121,71	143,13	140,56
13 - 14	142,88	28,63	46,90	76,14	92,40	111,17	143,63	135,87
14 - 15	143,32	34,02	47,13	77,96	100,68	116,81	146,48	136,58
15 - 16	146,83	36,96	37,86	84,33	102,43	118,92	147,50	148,50
16 - 17	151,57	22,91	42,97	90,14	102,30	122,49	143,16	161,21
17 - 18	166,79	53,93	56,46	113,13	120,63	135,19	149,02	173,89
18 - 19	173,72	77,91	64,50	128,08	132,89	134,95	144,74	182,18
19 - 20	175,78	80,10	69,78	125,04	117,34	131,96	141,07	171,62
20 - 21	158,63	69,82	54,52	119,07	115,71	119,26	124,84	161,21
21 - 22	132,97	63,26	45,00	107,51	89,09	96,53	101,90	139,16
22 - 23	150,86	73,12	44,20	110,37	76,80	94,22	85,85	132,00
23 - 00	144,35	66,33	35,00	103,94	46,89	70,75	47,37	108,31

00 - 01	164,85	151,81	167,43	161,80	159,14	157,40	135,30	139,96
01 - 02	160,03	164,80	159,70	156,90	158,47	153,73	136,27	150,81
02 - 03	159,72	166,20	162,76	144,88	156,25	149,78	132,75	156,98
03 - 04	152,51	154,50	151,54	138,44	153,09	145,09	127,77	141,50
04 - 05	153,60	150,12	140,76	136,06	154,09	148,06	123,54	141,00
05 - 06	166,96	152,68	139,04	139,35	158,64	151,10	134,00	150,40
06 - 07	183,61	189,90	151,18	134,68	182,26	172,50	152,70	173,06
07 - 08	210,00	226,54	143,70	143,47	208,07	190,00	172,14	195,01
08 - 09	251,10	257,87	148,06	160,00	235,06	205,38	195,39	255,02
09 - 10	256,43	270,00	159,30	173,33	229,58	220,79	188,92	231,40
10 - 11	238,61	249,60	176,15	172,39	210,64	206,00	179,95	219,55
11 - 12	229,96	230,01	172,41	162,74	203,46	216,93	177,12	204,04
12 - 13	217,75	220,77	175,74	154,19	191,21	181,90	161,50	187,10
13 - 14	205,86	218,99	156,72	148,19	181,63	176,52	151,86	177,00
14 - 15	215,27	219,53	159,38	142,01	183,42	181,21	153,57	170,15
15 - 16	217,97	218,99	160,75	135,90	192,00	182,19	158,69	178,75
16 - 17	224,58	224,58	171,03	144,22	200,00	195,13	157,20	187,06
17 - 18	250,00	248,90	191,99	173,92	208,22	213,26	168,30	193,86
18 - 19	250,00	248,07	209,16	179,42	210,45	229,47	186,00	210,51
19 - 20	231,15	223,19	206,32	182,17	207,80	221,87	181,90	194,58
20 - 21	218,08	205,00	193,27	167,51	197,95	206,49	156,06	177,13
21 - 22	190,53	183,89	182,11	165,76	175,89	177,40	145,92	157,49
22 - 23	185,70	175,47	176,57	162,71	169,36	179,00	146,16	159,62
23 - 00	173,67	166,81	167,15	157,44	155,25	171,37	147,70	136,08

00 - 01	137,49	160,22	117,05	162,01	139,90	142,55	150,00	157,52
01 - 02	135,28	152,82	135,49	151,34	134,76	143,78	148,57	155,31
02 - 03	131,45	148,34	125,86	149,44	133,07	137,00	143,19	154,26
03 - 04	103,79	134,96	110,33	128,18	128,79	131,14	139,98	148,42
04 - 05	110,94	120,87	90,00	123,72	125,03	130,55	135,85	147,02
05 - 06	133,40	136,40	118,42	123,98	122,75	137,45	143,82	151,03
06 - 07	149,36	161,06	128,04	130,31	128,23	151,40	165,38	176,65
07 - 08	174,03	177,32	167,98	133,10	136,13	176,10	186,83	203,29
08 - 09	180,63	186,92	176,48	148,90	145,43	195,00	198,95	225,04
09 - 10	180,70	188,10	181,01	159,66	160,11	199,19	205,51	225,00
10 - 11	167,99	176,91	181,64	157,50	161,52	195,00	198,75	212,42
11 - 12	157,53	166,99	181,42	154,58	159,74	190,00	205,43	200,98
12 - 13	141,24	152,89	168,13	140,20	153,65	183,06	184,93	193,20
13 - 14	128,56	140,48	162,55	116,50	134,74	180,00	176,83	185,20
14 - 15	131,30	150,91	170,73	121,56	137,53	181,50	177,60	192,51
15 - 16	136,57	140,72	174,24	125,96	149,86	185,00	173,58	197,30
16 - 17	132,70	142,89	175,50	131,13	154,27	188,00	172,36	199,19
17 - 18	167,62	166,37	192,95	157,51	164,93	198,05	186,20	206,42
18 - 19	182,24	183,89	224,39	177,31	178,55	200,70	197,96	215,19
19 - 20	189,74	187,36	220,00	178,58	174,01	193,70	193,70	210,34
20 - 21	175,02	176,48	187,84	172,51	157,15	182,09	178,36	192,28
21 - 22	160,00	164,42	172,85	162,32	147,60	170,07	157,25	180,07
22 - 23	161,09	164,18	169,11	141,40	143,85	160,83	151,99	175,61
23 - 00	152,30	156,30	159,09	122,59	149,50	154,25	138,70	167,00

00 - 01	161,83	160,00	145,49	145,00	146,48	158,09	125,86	148,70
01 - 02	159,27	155,13	141,78	143,73	145,10	155,26	124,48	140,00
02 - 03	155,91	150,00	140,20	145,34	138,83	147,49	120,01	140,06
03 - 04	149,93	147,95	139,07	142,06	130,00	129,12	107,86	122,20
04 - 05	146,52	145,97	141,60	140,10	115,13	129,55	95,64	113,74
05 - 06	155,82	149,60	145,93	148,93	113,07	135,80	109,86	127,29
06 - 07	171,19	175,69	170,54	175,64	113,82	143,15	129,59	141,50
07 - 08	186,60	196,64	198,04	200,65	115,43	156,37	149,70	170,02
08 - 09	230,00	215,90	214,12	213,39	122,00	164,19	165,14	181,93
09 - 10	256,66	182,54	193,30	200,53	118,59	169,83	158,41	178,20
10 - 11	203,36	171,84	174,98	185,08	118,83	164,11	164,55	170,09
11 - 12	176,20	148,62	157,58	174,99	122,84	156,39	143,13	167,21
12 - 13	157,85	140,23	156,91	159,09	116,82	148,84	132,80	156,86
13 - 14	155,07	135,14	145,13	153,91	107,33	133,37	129,95	152,74
14 - 15	159,40	136,46	157,25	156,70	110,05	134,09	134,14	161,44
15 - 16	163,99	144,74	171,87	165,96	116,37	141,61	139,50	163,39
16 - 17	165,73	158,30	189,98	181,80	126,35	155,36	134,65	167,28
17 - 18	174,95	183,99	222,26	198,94	147,97	170,29	141,99	178,17
18 - 19	225,00	192,45	245,60	213,50	171,38	184,16	158,70	183,12
19 - 20	237,59	193,03	229,00	205,38	176,54	179,96	185,13	175,33
20 - 21	198,03	176,29	199,03	186,21	168,21	167,81	173,06	163,50
21 - 22	179,99	162,84	188,18	166,46	153,66	158,10	152,15	152,97
22 - 23	174,99	169,72	173,27	158,19	155,74	152,37	150,98	143,66
23 - 00	166,61	160,97	163,02	154,00	144,18	136,47	146,58	134,65

00 - 01	120,00	150,87	135,03	135,62	140,09	149,00	158,95	155,58
01 - 02	100,60	145,95	130,95	132,32	138,76	134,47	154,51	154,28
02 - 03	95,10	144,91	130,00	132,16	135,80	132,47	150,03	150,00
03 - 04	88,34	130,00	130,01	132,12	129,04	128,10	133,48	139,00
04 - 05	84,00	126,49	127,28	132,32	131,00	129,00	132,16	138,00
05 - 06	96,76	132,67	136,43	141,93	137,43	130,14	153,42	144,59
06 - 07	117,22	152,48	168,69	166,46	163,19	135,71	153,07	167,29
07 - 08	152,00	169,77	185,00	199,99	196,08	144,79	162,30	186,30
08 - 09	158,59	175,91	188,76	206,98	229,99	149,40	146,40	202,71
09 - 10	151,44	173,73	171,22	180,60	196,20	150,33	162,35	186,91
10 - 11	149,34	163,51	158,85	164,63	173,35	145,56	155,00	168,29
11 - 12	135,08	158,33	140,96	143,42	152,31	140,07	149,91	155,29
12 - 13	123,78	144,14	125,69	131,11	135,94	129,89	135,10	135,70
13 - 14	120,00	125,57	121,75	128,60	132,91	120,00	130,16	125,50
14 - 15	132,94	130,06	124,30	127,90	135,36	120,00	127,09	124,58
15 - 16	122,33	136,90	129,35	131,98	148,45	124,63	123,31	131,86
16 - 17	118,35	142,03	146,26	152,05	161,08	135,16	127,89	150,80
17 - 18	144,66	166,81	160,73	180,83	188,06	158,54	154,57	161,70
18 - 19	152,72	170,34	175,60	199,99	221,80	175,10	174,12	176,97
19 - 20	164,60	167,71	175,00	192,97	206,63	175,58	177,96	185,88
20 - 21	159,54	159,59	169,07	175,81	187,86	170,00	162,57	172,27
21 - 22	152,72	146,00	151,20	160,09	169,19	157,06	155,58	167,48
22 - 23	150,30	132,04	152,41	151,03	160,97	152,88	152,23	167,03
23 - 00	151,71	123,90	144,05	141,73	150,12	144,66	147,70	160,93

00 - 01	149,84	133,84	135,01	139,90	149,35	107,93	115,66	146,52
01 - 02	145,30	128,82	131,77	128,00	145,51	113,30	109,40	134,06
02 - 03	141,90	140,70	129,24	125,30	141,89	110,52	105,02	129,49
03 - 04	131,80	124,02	124,81	126,49	135,03	107,21	93,00	93,04
04 - 05	129,82	117,74	125,20	126,99	133,59	108,58	92,55	80,28
05 - 06	130,86	138,68	130,00	133,05	146,95	113,30	97,78	77,55
06 - 07	135,04	153,42	153,98	155,01	157,54	128,43	110,08	85,75
07 - 08	150,43	160,68	170,00	173,13	162,21	156,74	116,87	94,32
08 - 09	153,98	165,45	178,24	176,34	179,16	168,46	120,00	110,92
09 - 10	157,50	161,72	174,48	164,55	177,34	158,12	119,04	130,00
10 - 11	152,32	160,10	166,10	154,90	161,59	149,48	116,38	110,95
11 - 12	146,96	160,61	164,86	150,01	157,15	141,08	114,16	108,05
12 - 13	144,51	146,81	150,30	148,00	147,59	118,50	110,90	100,00
13 - 14	129,99	142,85	146,48	132,64	135,00	117,54	107,00	84,17
14 - 15	121,18	139,54	141,28	136,42	138,52	113,50	104,41	86,37
15 - 16	117,93	128,00	136,09	151,18	130,56	114,00	107,83	97,60
16 - 17	119,56	125,74	140,44	157,13	149,26	118,50	120,61	111,34
17 - 18	133,00	150,66	152,80	165,01	164,85	140,74	141,64	129,58
18 - 19	153,92	160,30	165,22	175,00	178,13	153,55	159,44	148,63
19 - 20	163,34	174,18	165,00	172,73	177,10	168,72	159,20	153,98
20 - 21	160,22	171,80	161,25	162,06	170,00	162,56	153,82	136,48
21 - 22	148,00	160,75	151,14	154,02	158,80	154,00	150,04	121,19
22 - 23	149,30	157,30	148,00	153,16	153,20	148,41	144,92	117,42
23 - 00	145,44	153,10	136,87	135,00	142,58	148,22	134,37	113,95

00 - 01	144,09	142,24	147,56	145,69	145,00	134,00	122,83	136,00
01 - 02	142,00	137,33	145,79	142,49	140,00	137,01	133,09	130,00
02 - 03	147,73	142,10	143,54	141,80	139,64	143,17	132,90	120,80
03 - 04	142,47	137,52	143,11	140,00	135,80	138,23	125,03	110,65
04 - 05	142,49	136,40	143,62	140,00	131,00	138,23	120,07	107,00
05 - 06	143,03	136,00	146,37	144,52	140,06	138,82	139,83	106,80
06 - 07	143,00	134,99	162,19	165,52	162,63	162,45	163,49	107,04
07 - 08	141,14	145,39	187,03	186,41	184,74	177,91	186,66	109,23
08 - 09	135,54	150,00	220,00	223,92	186,03	194,77	195,42	130,82
09 - 10	137,26	151,99	200,74	207,05	165,53	194,80	177,16	134,10
10 - 11	133,43	144,40	191,04	190,67	150,94	173,10	182,17	97,82
11 - 12	132,89	134,48	158,04	164,99	140,33	161,21	163,74	93,62
12 - 13	130,00	124,42	146,37	148,41	132,58	149,49	140,11	86,51
13 - 14	126,15	115,00	143,47	145,13	130,47	147,53	134,07	55,93
14 - 15	123,26	111,90	145,10	154,56	130,26	152,92	130,47	55,84
15 - 16	131,93	117,30	145,64	148,01	126,65	150,01	130,97	84,73
16 - 17	137,75	123,01	142,41	146,09	136,93	150,28	146,44	98,92
17 - 18	145,14	140,00	156,59	166,92	159,03	173,13	168,00	129,90
18 - 19	170,01	163,10	165,00	188,37	183,69	193,87	189,93	153,70
19 - 20	194,77	195,83	191,14	229,28	199,95	195,80	197,23	156,91
20 - 21	184,02	173,20	186,85	185,00	170,41	176,17	174,49	153,64
21 - 22	167,64	160,61	163,00	166,82	163,78	165,01	160,30	141,64
22 - 23	155,42	149,70	158,02	160,00	159,97	158,41	153,46	138,29
23 - 00	154,66	147,00	155,76	153,69	152,01	152,09	149,46	132,98

00 - 01	47,72	121,67	131,86	102,89	113,66	123,82	138,10	149,00
01 - 02	38,10	101,78	127,40	100,68	111,39	120,45	133,00	149,76
02 - 03	33,60	101,73	126,07	99,06	111,02	119,80	128,35	144,76
03 - 04	18,64	91,05	100,70	98,84	109,38	111,00	124,29	135,97
04 - 05	12,95	92,48	110,00	99,09	111,22	111,00	124,41	134,00
05 - 06	27,03	92,66	114,64	105,00	113,02	118,23	128,58	138,70
06 - 07	53,36	91,41	130,03	119,81	137,40	140,68	144,16	159,80
07 - 08	91,72	89,64	130,94	136,97	150,19	158,53	180,33	185,00
08 - 09	95,11	90,38	137,00	140,91	159,16	173,10	190,07	217,09
09 - 10	59,09	93,80	133,60	136,61	150,80	162,98	193,19	201,54
10 - 11	42,65	91,68	128,50	131,89	142,02	152,90	178,44	170,26
11 - 12	29,59	87,51	111,90	125,10	131,49	144,22	159,65	160,84
12 - 13	9,63	79,36	105,13	116,34	121,74	137,25	142,78	149,67
13 - 14	8,35	68,83	88,22	112,64	116,21	135,93	140,92	144,76
14 - 15	9,31	70,00	110,00	114,95	115,87	137,20	147,19	142,77
15 - 16	10,08	74,90	94,12	113,29	117,30	140,94	143,33	144,38
16 - 17	13,50	85,05	105,95	111,04	119,11	144,42	132,53	150,00
17 - 18	58,42	100,79	130,09	130,15	134,70	153,00	148,46	160,91
18 - 19	94,20	120,31	145,40	136,41	147,58	166,89	167,43	183,89
19 - 20	102,16	141,04	159,24	137,61	145,45	170,02	232,47	201,69
20 - 21	84,95	129,97	131,68	125,57	135,10	153,77	162,03	172,60
21 - 22	57,92	105,06	119,96	122,26	125,43	135,02	145,78	156,50
22 - 23	35,45	94,98	131,80	129,50	123,82	129,11	139,82	147,50
23 - 00	23,32	82,20	130,17	129,50	109,70	119,00	132,50	140,14

00 - 01	120,79	124,00	110,03	111,40	79,66	117,39	133,86	9,57
01 - 02	112,28	114,94	106,00	105,87	74,57	107,59	124,69	4,55
02 - 03	111,56	113,06	99,60	97,99	71,69	103,80	122,65	4,16
03 - 04	108,65	110,18	99,18	95,00	65,17	100,00	120,51	2,36
04 - 05	110,00	110,25	98,74	96,18	66,78	98,07	120,67	4,16
05 - 06	118,21	116,40	103,36	99,80	81,59	103,82	131,81	12,85
06 - 07	130,09	135,77	100,00	103,50	111,30	129,57	144,52	50,17
07 - 08	145,66	148,43	102,45	105,43	126,28	142,35	173,02	94,36
08 - 09	143,66	148,51	101,44	100,64	117,70	138,03	185,31	100,11
09 - 10	128,71	137,56	102,26	102,55	111,15	117,12	166,39	90,38
10 - 11	115,11	122,75	100,25	96,92	110,25	103,20	155,34	75,92
11 - 12	107,04	115,79	99,06	91,10	93,52	91,54	144,63	60,98
12 - 13	102,45	104,65	97,33	84,06	78,69	85,57	137,74	48,06
13 - 14	100,09	100,10	94,04	80,42	80,38	78,93	122,05	56,44
14 - 15	99,10	101,93	95,01	87,52	89,51	81,11	118,78	66,39
15 - 16	99,00	104,94	98,67	92,08	99,03	85,53	119,69	62,88
16 - 17	102,46	114,06	106,09	104,43	109,54	96,35	132,52	83,29
17 - 18	114,07	133,32	125,21	130,74	126,89	120,15	150,80	130,03
18 - 19	132,93	151,00	145,00	156,95	136,11	132,70	182,30	152,51
19 - 20	143,90	165,47	152,91	169,54	141,63	130,89	199,72	200,41
20 - 21	137,33	152,36	144,71	144,15	130,30	117,14	175,25	179,84
21 - 22	109,73	135,49	135,27	132,92	115,00	102,49	147,36	157,77
22 - 23	108,45	127,50	132,90	129,95	110,35	102,47	139,35	152,34
23 - 00	95,46	117,04	130,00	118,46	109,50	89,01	127,63	143,96

00 - 01	98,53	131,77	96,00	63,84	35,58	56,74	71,72	79,93
01 - 02	95,19	120,00	94,15	53,53	17,32	46,15	69,90	76,24
02 - 03	98,67	114,80	87,48	54,53	7,33	43,43	60,46	75,79
03 - 04	99,44	110,93	83,99	55,86	1,32	42,67	52,51	71,79
04 - 05	98,34	105,16	84,90	52,55	3,54	38,87	58,06	69,97
05 - 06	99,20	114,48	97,18	49,63	5,04	44,41	61,76	77,65
06 - 07	117,04	130,00	115,00	63,49	12,32	66,28	87,70	94,36
07 - 08	144,13	160,00	142,99	73,09	32,53	84,29	112,45	110,07
08 - 09	152,00	175,08	153,77	71,55	25,43	82,90	109,20	114,00
09 - 10	144,17	145,42	149,88	79,86	15,75	63,57	87,94	98,14
10 - 11	130,08	132,57	131,77	79,51	9,07	44,80	59,10	72,28
11 - 12	119,00	120,08	110,03	67,31	0,04	32,26	47,07	69,01
12 - 13	110,99	103,57	122,93	40,00	-0,02	29,28	42,16	60,69
13 - 14	105,60	96,95	100,06	43,77	-0,03	20,54	42,06	59,10
14 - 15	101,55	92,90	80,51	50,62	-0,02	12,26	54,61	66,80
15 - 16	104,94	94,26	98,38	46,06	-0,01	11,22	58,27	70,80
16 - 17	104,57	95,96	87,00	48,35	1,79	29,59	91,10	83,08
17 - 18	111,41	108,59	96,07	77,09	30,36	78,55	119,47	102,46
18 - 19	125,89	136,87	125,91	106,65	65,69	100,80	137,05	120,78
19 - 20	150,01	160,98	164,79	117,86	84,37	116,23	144,43	140,00
20 - 21	132,92	160,00	187,60	112,59	77,00	97,36	122,61	125,98
21 - 22	114,92	133,01	163,68	104,63	69,01	82,58	94,65	109,08
22 - 23	109,90	127,30	142,46	99,42	66,70	76,20	90,78	101,74
23 - 00	94,80	113,54	132,05	94,64	67,31	64,90	78,95	86,93

00 - 01	135,54	126,73	110,85	120,98	74,42	82,19	65,13	89,71
01 - 02	124,12	117,56	110,33	117,01	64,80	63,90	64,90	82,90
02 - 03	120,00	119,25	117,86	119,60	58,51	53,84	57,10	81,05
03 - 04	115,33	117,92	115,57	113,03	60,46	42,50	48,62	78,77
04 - 05	114,85	124,11	116,38	100,43	58,51	39,45	35,51	78,46
05 - 06	124,91	133,56	121,91	110,07	60,46	38,32	42,79	77,15
06 - 07	142,51	166,09	145,35	140,07	58,72	42,50	95,81	91,43
07 - 08	161,63	208,16	180,94	170,58	70,08	54,67	113,02	121,20
08 - 09	163,08	190,50	201,67	195,00	75,55	63,78	112,55	129,30
09 - 10	150,91	153,74	173,37	155,64	66,09	63,23	99,92	110,00
10 - 11	140,71	134,44	131,56	138,77	54,95	52,86	89,98	90,66
11 - 12	137,10	122,24	112,02	115,68	60,52	52,24	95,11	80,35
12 - 13	117,41	113,16	113,66	87,65	74,08	43,39	59,02	65,27
13 - 14	107,42	113,10	108,99	91,88	31,83	41,59	32,97	28,50
14 - 15	108,85	113,23	107,31	71,56	17,52	35,41	56,00	9,53
15 - 16	108,87	112,96	108,71	78,91	22,24	37,18	44,28	17,77
16 - 17	109,87	116,45	112,73	82,00	31,13	42,95	7,68	39,62
17 - 18	121,41	135,53	122,00	100,35	41,74	57,69	75,65	76,26
18 - 19	140,00	156,48	147,10	133,77	100,41	90,58	97,60	99,71
19 - 20	150,10	199,56	180,00	158,11	130,00	94,67	108,85	121,36
20 - 21	144,90	191,58	177,32	165,33	132,81	97,03	111,74	120,55
21 - 22	138,99	164,98	156,10	151,85	124,65	82,58	98,83	103,28
22 - 23	127,45	151,39	141,40	131,95	121,61	81,09	86,73	100,77
23 - 00	122,88	139,13	129,76	113,12	110,02	68,02	80,00	90,76

00 - 01	118,09	97,23	96,80	23,58	98,21	127,99	126,24	116,61
01 - 02	112,80	85,09	82,89	1,41	81,85	117,86	115,07	110,43
02 - 03	116,54	80,19	72,73	0,94	78,14	119,83	115,33	113,79
03 - 04	112,80	72,86	66,47	1,09	71,90	117,99	110,75	115,33
04 - 05	113,14	72,89	67,77	6,11	70,00	118,24	110,78	112,02
05 - 06	127,40	84,80	80,39	36,41	72,96	117,86	112,16	111,23
06 - 07	144,74	106,89	110,02	96,96	80,00	120,00	116,14	132,87
07 - 08	171,67	128,09	127,24	130,97	78,14	118,90	129,35	141,45
08 - 09	175,67	152,06	136,41	142,13	70,00	122,98	135,01	143,03
09 - 10	151,62	145,78	131,99	123,35	55,13	112,21	132,10	143,32
10 - 11	140,80	109,09	120,00	118,62	27,75	100,00	114,41	124,50
11 - 12	126,10	115,23	111,56	103,30	20,53	87,00	106,78	116,74
12 - 13	109,77	109,21	100,80	110,65	15,52	81,96	98,45	105,48
13 - 14	105,33	104,05	97,36	105,53	1,50	60,01	93,42	100,72
14 - 15	106,62	104,66	97,62	97,76	-0,01	55,00	88,92	102,26
15 - 16	105,97	108,30	97,07	92,82	-0,03	56,00	92,16	100,22
16 - 17	104,72	102,39	100,34	55,76	0,81	74,00	97,90	106,42
17 - 18	118,90	112,34	109,80	85,47	20,02	86,35	106,40	114,00
18 - 19	138,16	130,91	128,45	130,80	54,41	115,20	121,23	128,16
19 - 20	151,90	169,73	138,52	162,46	80,19	129,97	136,15	143,17
20 - 21	152,71	178,87	130,85	165,38	85,00	133,46	140,21	150,11
21 - 22	152,09	159,95	120,75	141,39	84,40	126,39	137,31	143,35
22 - 23	135,23	139,89	109,30	130,80	89,70	115,00	134,90	139,50
23 - 00	120,29	134,00	97,95	111,00	67,21	106,94	126,98	135,96

00 - 01	122,01	122,50	100,19	108,72	105,31	114,75	111,55	123,90
01 - 02	101,95	107,21	94,35	97,54	102,07	111,14	103,49	112,00
02 - 03	103,57	116,35	96,76	99,92	101,10	108,96	102,68	114,38
03 - 04	93,17	109,39	94,98	98,95	101,29	110,14	101,09	108,00
04 - 05	91,33	101,39	97,18	101,33	100,55	110,00	102,63	105,14
05 - 06	96,03	112,56	102,78	105,87	101,27	114,61	103,50	103,55
06 - 07	99,82	127,50	127,97	130,00	127,00	140,68	103,50	105,56
07 - 08	106,95	141,54	144,48	139,10	140,27	178,70	103,37	104,85
08 - 09	109,18	147,12	144,70	141,40	154,88	199,51	110,43	106,21
09 - 10	107,28	148,95	130,09	133,67	133,99	163,14	114,68	102,24
10 - 11	77,61	128,13	108,33	108,26	106,21	137,40	111,04	100,10
11 - 12	73,31	109,29	96,94	97,26	104,35	117,48	107,83	93,94
12 - 13	51,00	105,92	94,23	100,18	99,01	105,18	104,05	87,84
13 - 14	34,84	105,70	89,61	103,39	88,69	104,20	98,16	84,98
14 - 15	22,56	100,80	88,71	97,12	89,11	96,96	94,83	85,47
15 - 16	44,73	90,80	86,76	88,68	82,28	96,14	94,37	76,43
16 - 17	79,94	77,30	92,09	88,58	83,81	96,73	96,15	82,95
17 - 18	95,00	97,87	103,76	89,64	94,81	100,99	101,09	98,81
18 - 19	112,97	123,54	128,99	106,61	108,21	122,33	115,21	112,66
19 - 20	132,00	141,00	142,64	122,25	130,46	143,61	132,88	132,79
20 - 21	130,65	144,93	147,42	135,86	137,10	142,78	140,00	134,51
21 - 22	127,00	135,51	145,33	122,82	138,62	134,25	135,00	127,80
22 - 23	110,10	133,71	132,25	109,90	128,32	122,82	129,97	127,71
23 - 00	101,64	123,10	127,72	101,66	111,41	109,16	125,35	119,30

00 - 01	99,28	115,59	102,03	107,11	106,79	107,60	87,70	108,00
01 - 02	91,09	108,56	92,97	100,21	99,91	98,22	83,58	97,52
02 - 03	88,38	106,10	90,35	97,70	94,58	95,49	82,09	95,02
03 - 04	85,49	105,00	83,07	96,24	93,98	91,92	76,40	89,44
04 - 05	74,93	101,24	92,00	97,25	93,33	91,75	75,08	86,67
05 - 06	75,07	102,75	95,85	106,80	101,90	97,35	86,55	88,87
06 - 07	84,62	103,24	110,00	123,39	125,16	121,60	114,60	90,00
07 - 08	82,00	109,40	123,74	142,58	139,91	134,10	133,80	94,01
08 - 09	75,00	115,64	126,38	135,41	145,13	134,93	135,00	93,53
09 - 10	50,00	106,61	120,28	113,18	128,85	122,40	126,92	89,95
10 - 11	27,70	103,58	112,81	96,99	126,54	110,00	110,81	79,67
11 - 12	30,96	92,87	105,83	92,50	116,77	99,00	108,01	48,13
12 - 13	48,39	82,23	101,72	94,00	110,01	102,38	98,07	35,37
13 - 14	23,67	82,17	92,78	91,00	103,27	96,91	94,90	9,98
14 - 15	14,66	66,20	89,85	88,74	104,60	91,33	87,00	4,87
15 - 16	1,50	69,05	86,79	88,31	92,85	90,52	84,91	34,69
16 - 17	14,00	80,00	90,57	90,36	98,20	89,23	88,21	64,10
17 - 18	70,57	85,00	91,63	100,89	113,60	95,00	99,45	97,81
18 - 19	90,15	100,10	112,00	120,64	129,87	120,04	117,58	109,72
19 - 20	98,02	115,32	120,34	128,75	148,11	140,27	134,57	107,64
20 - 21	118,85	114,34	126,00	129,80	154,97	144,16	135,97	109,40
21 - 22	122,20	120,00	124,34	124,42	146,12	141,54	135,71	125,02
22 - 23	117,12	115,57	116,71	118,61	133,54	137,53	128,37	116,95
23 - 00	108,71	110,00	105,48	100,03	120,48	120,00	119,15	109,84

00 - 01	98,24	106,78	106,71	91,50	86,00	107,65	98,48	109,90
01 - 02	88,58	95,02	99,62	81,80	79,61	102,63	85,60	99,90
02 - 03	87,23	90,00	95,71	78,49	79,81	100,97	83,30	95,49
03 - 04	84,01	84,30	91,70	79,51	78,39	97,80	80,90	90,59
04 - 05	84,16	83,71	89,93	78,49	76,03	85,55	81,22	87,40
05 - 06	90,91	84,86	91,70	87,52	82,20	91,38	90,39	88,00
06 - 07	93,96	85,08	97,20	101,22	79,92	102,00	111,06	87,38
07 - 08	99,74	82,48	99,02	113,75	115,09	121,20	127,69	89,56
08 - 09	110,97	77,51	95,13	112,58	119,90	125,10	135,43	84,26
09 - 10	100,01	76,25	93,28	102,61	104,42	110,10	123,02	84,11
10 - 11	92,04	63,48	82,53	95,89	90,00	91,16	115,85	75,39
11 - 12	83,49	55,13	74,42	91,03	79,60	84,16	108,96	66,61
12 - 13	83,00	60,48	71,61	84,99	71,07	72,33	98,46	54,01
13 - 14	83,71	47,25	55,80	82,00	62,27	64,15	92,76	34,67
14 - 15	77,99	27,40	50,00	78,90	59,79	56,65	86,32	30,01
15 - 16	78,00	24,09	63,16	81,08	65,14	48,15	81,97	41,12
16 - 17	84,01	57,60	74,64	91,16	72,19	47,72	87,20	36,22
17 - 18	97,05	77,75	90,30	96,91	75,73	87,53	94,43	17,87
18 - 19	106,50	95,63	99,72	112,80	80,61	95,34	117,38	70,89
19 - 20	112,82	101,30	102,80	120,54	108,00	121,88	130,00	98,93
20 - 21	122,76	107,43	112,07	130,00	115,52	117,84	142,86	117,06
21 - 22	121,99	109,20	108,71	126,31	112,25	122,99	133,69	121,72
22 - 23	114,71	106,23	103,12	115,56	107,79	99,02	124,02	117,90
23 - 00	104,04	97,99	92,38	110,90	95,02	85,49	116,13	111,04

00 - 01	78,96	101,04	102,37	104,91	98,53	100,00	95,00	95,96
01 - 02	73,10	88,27	98,18	85,44	90,55	96,94	90,09	87,52
02 - 03	70,01	82,09	94,30	87,16	89,84	96,00	88,38	84,60
03 - 04	63,56	73,69	79,56	78,10	90,00	84,17	86,19	84,17
04 - 05	65,90	71,96	77,68	76,00	90,42	82,00	81,77	85,25
05 - 06	72,03	73,84	74,64	77,70	95,47	88,51	81,01	92,45
06 - 07	84,02	86,05	81,33	79,03	101,63	97,76	88,80	111,58
07 - 08	114,99	99,57	73,87	83,01	115,47	142,92	104,28	121,00
08 - 09	119,54	125,68	75,69	94,47	131,98	162,57	124,31	117,88
09 - 10	110,31	112,32	54,90	89,08	113,45	134,97	110,79	107,54
10 - 11	82,97	105,03	25,09	78,17	102,74	119,50	105,04	99,76
11 - 12	76,03	98,56	13,89	53,21	99,35	114,71	100,23	107,01
12 - 13	73,18	94,16	9,73	59,75	94,35	105,17	96,35	114,61
13 - 14	58,07	86,45	1,85	42,84	90,38	98,14	93,50	105,77
14 - 15	35,26	81,71	0,16	9,19	83,47	97,92	92,25	96,91
15 - 16	12,59	63,07	1,78	6,17	82,19	101,69	83,06	81,06
16 - 17	43,23	61,73	5,36	27,72	81,16	103,18	71,05	84,44
17 - 18	62,38	67,82	0,06	58,59	90,77	112,17	82,03	100,06
18 - 19	86,23	70,29	59,55	86,55	94,69	123,20	114,00	110,52
19 - 20	106,90	104,95	95,49	96,44	96,82	147,00	131,45	115,01
20 - 21	114,50	101,42	106,16	112,49	93,69	132,83	134,73	101,91
21 - 22	114,77	103,50	99,50	107,26	96,80	120,41	129,00	110,99
22 - 23	108,90	102,23	98,96	108,67	99,81	113,99	118,10	104,67
23 - 00	97,23	94,49	94,42	104,51	97,84	101,66	110,26	89,93

00 - 01	83,00	88,17	88,29	52,20	78,74	93,02	100,59	81,61
01 - 02	76,09	67,70	80,06	40,04	74,00	83,20	79,69	74,95
02 - 03	75,13	64,70	78,31	33,88	67,99	80,23	89,24	73,46
03 - 04	73,13	54,99	77,80	28,77	60,00	77,03	78,89	70,00
04 - 05	75,00	35,46	81,00	29,95	59,61	73,82	68,85	72,52
05 - 06	75,40	47,93	83,97	28,26	55,70	84,19	67,22	79,83
06 - 07	75,76	63,45	90,32	30,81	62,08	75,92	69,07	105,43
07 - 08	96,00	93,46	103,56	27,55	62,46	102,92	88,76	113,81
08 - 09	109,66	101,00	113,42	20,00	59,76	106,00	90,29	117,11
09 - 10	98,66	92,00	105,79	2,14	40,04	93,16	81,36	108,07
10 - 11	85,92	83,25	93,02	0,00	6,20	69,24	72,75	80,08
11 - 12	81,00	75,75	82,63	-0,09	3,61	60,20	65,67	62,66
12 - 13	80,58	73,87	78,95	-0,09	10,17	60,60	63,74	57,64
13 - 14	78,77	64,92	73,58	-21,23	5,00	57,81	43,95	38,27
14 - 15	75,21	40,71	68,46	-23,36	-0,02	57,94	29,41	26,78
15 - 16	74,75	28,19	73,64	-14,00	0,00	63,63	43,08	18,16
16 - 17	71,75	37,29	79,69	-0,41	1,32	53,69	71,56	44,43
17 - 18	72,00	65,01	80,53	2,22	25,94	69,82	83,89	79,09
18 - 19	75,47	79,57	84,49	41,34	53,68	78,32	95,34	95,98
19 - 20	89,25	97,09	89,10	85,49	78,44	92,12	109,52	117,17
20 - 21	91,48	100,11	91,47	90,87	87,69	96,41	119,95	124,08
21 - 22	82,47	104,00	87,30	91,00	81,06	95,00	112,26	106,45
22 - 23	102,00	101,06	85,81	89,94	78,60	99,74	109,61	111,00
23 - 00	98,28	93,98	81,29	83,50	73,02	85,78	98,76	97,70

00 - 01	84,15	85,92	75,02	59,23	87,09	89,74	88,11	98,66
01 - 02	74,30	68,40	71,05	53,90	84,00	83,53	76,40	88,55
02 - 03	70,10	74,20	68,90	51,82	81,92	84,73	74,06	77,82
03 - 04	64,01	52,48	42,80	40,91	77,87	81,35	66,58	65,62
04 - 05	67,21	47,73	36,33	18,17	77,86	70,99	61,71	73,72
05 - 06	72,27	61,12	70,66	17,57	73,00	69,04	62,00	75,42
06 - 07	82,91	66,86	62,92	20,48	67,34	82,70	73,53	75,94
07 - 08	98,50	103,68	109,19	58,71	64,52	82,99	94,20	105,00
08 - 09	99,07	95,69	108,64	29,92	37,71	72,61	100,38	104,00
09 - 10	87,30	86,41	90,06	0,03	0,00	55,06	81,87	83,35
10 - 11	68,19	66,92	82,37	-2,07	-0,81	16,37	55,31	70,85
11 - 12	59,92	46,64	70,24	-0,09	-10,65	1,45	35,57	55,78
12 - 13	42,27	20,03	64,74	-0,06	-0,07	0,00	23,29	41,87
13 - 14	9,36	3,45	57,62	-5,52	-26,67	-0,02	20,00	20,56
14 - 15	3,39	4,14	53,83	-7,10	-37,13	-0,08	4,40	24,31
15 - 16	25,13	5,48	45,24	-45,60	-27,40	-0,09	3,45	21,16
16 - 17	56,87	25,78	41,72	-17,96	-16,22	2,26	22,91	41,89
17 - 18	73,00	68,85	73,96	0,00	-0,06	55,08	53,45	70,83
18 - 19	86,16	78,89	84,34	28,78	50,00	84,85	65,10	71,35
19 - 20	99,35	85,00	98,82	74,15	72,90	95,11	83,92	77,09
20 - 21	102,50	105,00	105,08	85,54	81,64	100,82	95,06	93,99
21 - 22	103,38	96,93	99,58	77,44	78,70	100,10	89,90	94,97
22 - 23	95,41	94,31	95,39	79,46	74,24	98,61	99,50	100,50
23 - 00	86,53	83,13	89,65	74,32	69,50	94,71	92,50	90,94

00 - 01	95,00	93,93	83,00	80,18	78,71	81,12	84,95	83,59
01 - 02	89,70	89,26	76,20	74,63	71,10	74,90	80,30	79,40
02 - 03	79,73	82,83	73,99	69,06	70,07	72,51	77,79	73,78
03 - 04	76,00	74,95	68,05	61,38	63,64	69,80	75,20	63,47
04 - 05	75,80	73,57	65,70	60,66	63,90	68,06	58,16	59,84
05 - 06	76,42	66,54	70,20	65,63	70,24	67,54	70,74	62,47
06 - 07	79,93	78,09	74,90	84,13	88,50	66,16	71,71	63,55
07 - 08	103,97	92,78	95,05	99,03	99,39	64,77	73,63	87,79
08 - 09	103,94	91,40	106,46	102,70	99,95	50,81	70,00	90,56
09 - 10	91,39	83,76	97,69	94,90	85,77	21,95	59,97	84,37
10 - 11	82,26	74,64	92,83	86,21	75,00	5,11	27,36	72,09
11 - 12	75,43	68,50	86,60	82,00	70,08	0,00	5,00	63,15
12 - 13	70,03	64,22	79,95	76,41	68,99	-0,02	-0,01	56,06
13 - 14	68,98	64,40	75,59	73,26	66,54	-0,09	-0,07	42,61
14 - 15	64,06	64,06	76,45	68,50	67,16	-33,79	-3,39	36,82
15 - 16	68,39	67,93	76,74	71,12	68,79	-7,20	-0,08	44,90
16 - 17	72,64	71,17	79,89	74,40	75,92	0,00	3,62	58,27
17 - 18	80,63	76,10	87,92	84,00	87,92	34,50	45,66	76,62
18 - 19	95,00	89,49	96,72	90,38	95,13	78,21	75,00	85,80
19 - 20	104,12	101,60	106,25	97,30	101,33	83,50	77,20	91,40
20 - 21	106,45	98,60	108,50	101,11	101,46	90,57	73,51	99,82
21 - 22	104,12	100,55	107,36	101,57	103,67	92,38	66,70	93,00
22 - 23	97,48	96,58	100,50	96,56	100,00	97,30	74,02	92,56
23 - 00	86,00	91,00	94,90	89,99	88,76	86,98	81,17	85,06

00 - 01	130,81	126,16	107,12	96,28	89,11	94,33	87,33	89,03
01 - 02	122,80	121,57	102,77	88,68	82,78	85,08	77,47	84,10
02 - 03	119,97	115,56	100,62	86,98	83,29	85,02	70,01	84,13
03 - 04	116,39	112,66	100,38	86,25	82,75	81,63	60,21	80,32
04 - 05	111,06	113,05	100,37	85,83	84,77	83,95	56,67	77,44
05 - 06	110,00	117,72	98,50	93,43	90,04	95,00	53,69	79,87
06 - 07	110,25	132,00	104,67	97,72	101,94	104,81	52,05	79,43
07 - 08	108,01	149,83	125,28	122,42	119,00	119,44	47,21	85,00
08 - 09	101,00	145,59	140,07	128,00	120,04	124,39	28,44	81,83
09 - 10	95,60	124,16	116,00	103,32	103,12	106,01	15,90	69,04
10 - 11	85,00	112,20	103,66	87,66	85,08	95,00	0,06	45,68
11 - 12	69,99	108,99	98,02	79,04	80,10	90,48	5,26	35,40
12 - 13	59,36	107,35	92,24	75,54	79,02	87,17	2,54	22,39
13 - 14	48,40	106,76	90,00	75,74	73,22	83,34	-0,09	18,85
14 - 15	39,38	103,31	90,00	78,67	71,33	81,10	-9,81	6,56
15 - 16	56,08	101,65	92,01	80,39	68,15	82,02	-0,65	9,24
16 - 17	85,00	108,46	96,75	85,27	73,93	84,82	-0,08	9,14
17 - 18	101,52	114,99	104,90	98,98	84,67	97,60	27,92	44,50
18 - 19	115,31	135,35	125,39	115,01	101,87	109,68	83,82	74,97
19 - 20	137,79	161,10	144,70	138,86	113,46	133,04	99,91	86,16
20 - 21	146,97	175,07	147,99	140,32	120,73	131,01	107,66	91,25
21 - 22	144,77	165,52	142,10	123,04	113,45	116,93	111,99	90,91
22 - 23	142,00	151,85	146,80	114,21	105,00	107,03	111,81	87,80
23 - 00	136,65	138,18	124,93	105,00	98,38	98,10	102,91	80,87

00 - 01	104,98	117,28	104,03	132,77	119,70	120,80	99,68	126,78
01 - 02	103,07	109,66	95,20	123,05	110,70	110,28	93,41	108,87
02 - 03	96,16	102,84	91,79	115,08	104,70	103,98	88,34	103,19
03 - 04	92,80	100,31	91,28	111,31	103,89	101,00	89,42	100,00
04 - 05	92,70	94,33	90,94	107,02	103,74	99,45	90,69	96,01
05 - 06	68,58	91,02	94,56	111,94	106,98	101,07	95,61	86,81
06 - 07	57,28	89,96	115,09	125,52	123,40	111,89	109,78	94,75
07 - 08	61,75	92,30	128,70	143,38	137,67	126,21	130,15	92,06
08 - 09	54,00	90,57	131,23	149,29	144,45	146,31	132,23	85,00
09 - 10	32,55	81,69	121,93	129,75	126,01	130,89	115,33	78,17
10 - 11	9,69	57,64	107,12	116,04	114,07	114,01	103,78	63,53
11 - 12	0,10	25,00	98,10	110,14	110,07	109,80	97,02	53,88
12 - 13	0,00	14,99	93,01	109,94	104,57	99,90	93,11	46,00
13 - 14	-0,10	1,90	87,37	106,86	99,73	101,52	90,00	29,52
14 - 15	-0,10	0,31	82,55	106,46	95,78	101,77	88,49	25,10
15 - 16	0,00	10,00	82,17	106,68	99,11	103,21	94,01	49,14
16 - 17	9,69	28,20	90,00	108,18	100,12	105,15	98,11	75,00
17 - 18	68,99	80,98	99,62	122,24	113,44	118,54	110,08	93,78
18 - 19	87,09	89,60	108,81	137,30	138,00	140,00	137,00	107,23
19 - 20	97,71	101,00	130,06	157,43	167,43	160,59	167,77	118,25
20 - 21	105,00	113,52	137,10	154,91	187,46	165,08	165,08	125,47
21 - 22	122,49	105,16	134,96	147,18	164,73	150,00	149,99	134,02
22 - 23	127,59	127,12	130,10	134,34	151,15	138,00	142,86	137,06
23 - 00	118,76	118,31	121,87	120,84	134,79	120,11	134,48	117,53

00 - 01	66,00	16,45	85,68	115,04	119,46	97,95	113,82	92,30
01 - 02	43,50	3,17	64,75	103,41	110,06	90,54	95,00	90,00
02 - 03	24,09	0,01	61,43	96,68	101,72	87,00	91,57	79,50
03 - 04	10,26	0,00	33,87	85,13	97,62	86,16	89,09	48,48
04 - 05	15,80	-0,03	18,25	83,08	97,09	86,16	86,36	59,57
05 - 06	54,00	-0,05	14,58	85,00	101,54	90,27	90,55	80,00
06 - 07	86,00	-0,05	31,46	92,13	113,97	93,80	115,29	73,91
07 - 08	110,89	-0,47	22,20	120,95	129,29	112,63	130,00	110,11
08 - 09	104,91	-2,75	62,29	127,31	130,31	121,21	127,00	112,80
09 - 10	72,25	-12,92	50,41	117,02	116,39	113,60	102,23	101,52
10 - 11	55,58	-23,01	43,71	107,21	105,95	101,89	90,00	87,90
11 - 12	52,32	-19,17	24,61	100,32	98,60	99,30	88,03	83,17
12 - 13	50,10	-23,78	16,83	100,47	97,98	101,18	84,67	82,68
13 - 14	48,03	-20,00	4,43	91,64	96,88	97,42	85,31	77,58
14 - 15	33,38	-55,66	0,07	88,46	98,60	95,59	84,74	59,37
15 - 16	23,22	-134,94	-0,01	85,96	100,00	95,39	83,20	71,34
16 - 17	25,30	-79,44	-0,01	81,13	101,12	97,60	89,05	71,30
17 - 18	42,57	-27,38	1,64	78,60	112,03	107,08	96,40	86,00
18 - 19	91,81	-0,01	22,00	92,93	118,20	123,04	113,57	97,00
19 - 20	117,41	13,37	65,00	111,08	124,62	139,30	130,55	110,93
20 - 21	126,14	71,04	82,14	118,05	119,22	133,10	134,79	118,00
21 - 22	129,15	85,91	92,05	115,54	122,03	130,90	127,60	125,73
22 - 23	122,00	94,90	92,97	112,30	124,76	130,00	125,06	129,53
23 - 00	115,14	86,08	89,86	109,47	112,63	121,10	116,16	118,66

00 - 01	124,41	112,49	109,44	100,27	114,00	91,62	106,01	98,46
01 - 02	112,75	102,00	101,74	89,69	100,61	84,00	88,63	83,27
02 - 03	104,28	94,30	101,82	89,97	97,60	82,40	90,59	74,16
03 - 04	91,70	91,94	95,50	77,21	89,20	83,05	57,66	68,03
04 - 05	77,36	93,31	95,99	67,75	75,14	85,01	68,57	71,51
05 - 06	77,43	105,00	97,15	71,18	87,03	94,37	69,47	86,01
06 - 07	102,10	114,92	94,96	76,51	75,08	113,75	76,77	113,84
07 - 08	121,90	126,87	91,49	85,04	116,37	126,85	95,07	119,97
08 - 09	120,95	134,27	86,02	83,65	108,29	124,85	98,35	113,29
09 - 10	105,10	117,95	76,93	76,04	91,79	110,97	82,40	108,52
10 - 11	97,72	105,28	60,00	60,90	84,00	96,84	73,44	93,68
11 - 12	99,08	101,10	50,00	46,32	79,12	89,67	55,25	89,18
12 - 13	96,00	95,00	48,46	40,19	74,90	98,08	46,27	82,21
13 - 14	92,50	94,81	37,11	40,35	66,57	81,61	36,30	64,17
14 - 15	81,36	91,00	44,99	29,42	64,98	85,74	44,40	51,75
15 - 16	81,01	91,34	55,31	40,00	66,18	84,05	40,64	53,62
16 - 17	89,02	88,32	72,87	60,90	80,29	88,10	47,53	84,74
17 - 18	97,08	95,05	82,40	83,40	90,00	98,93	59,50	93,68
18 - 19	120,78	124,72	99,25	107,30	106,05	112,93	93,32	116,67
19 - 20	123,49	165,49	106,42	120,95	108,17	131,81	106,74	125,64
20 - 21	126,87	173,42	127,02	128,76	119,17	131,15	119,75	133,88
21 - 22	128,21	159,50	134,10	132,86	124,27	131,83	123,79	140,70
22 - 23	121,38	160,00	132,12	129,70	117,27	129,85	122,79	139,82
23 - 00	103,71	133,70	119,60	115,92	101,56	118,98	115,11	124,09

00 - 01	108,11	100,28	90,68	57,25	73,58	101,00	105,24	98,47
01 - 02	101,20	86,40	73,32	19,69	53,57	96,36	93,38	91,00
02 - 03	97,25	77,54	71,05	2,53	29,15	90,53	89,09	90,00
03 - 04	84,10	69,87	66,15	-0,02	19,94	74,74	85,83	82,09
04 - 05	65,45	68,55	61,62	-0,08	6,94	81,49	86,00	81,71
05 - 06	74,62	76,48	71,00	-0,25	13,69	87,95	92,00	82,37
06 - 07	72,47	96,88	85,01	-2,73	19,72	88,05	105,38	97,88
07 - 08	105,06	108,65	109,50	-4,52	22,60	104,79	117,85	117,29
08 - 09	111,30	110,00	110,85	-5,13	29,95	98,24	119,10	120,00
09 - 10	99,90	97,75	96,08	-11,16	17,41	85,07	104,68	107,18
10 - 11	88,75	91,80	77,40	-17,38	4,61	79,71	92,13	97,37
11 - 12	81,42	89,74	60,81	-19,91	0,00	75,23	88,72	92,20
12 - 13	77,82	84,74	81,01	-17,35	-0,02	73,90	90,66	95,31
13 - 14	70,00	80,28	25,48	-26,27	-0,09	64,34	90,10	88,87
14 - 15	64,54	81,66	30,46	-37,33	-1,00	56,62	75,24	78,68
15 - 16	64,21	81,90	19,95	-40,45	-0,10	50,83	74,22	72,58
16 - 17	73,03	84,78	59,01	-21,47	-0,02	45,68	79,70	72,33
17 - 18	77,09	96,90	75,36	-0,06	4,30	57,42	90,55	88,72
18 - 19	82,72	122,45	85,28	34,60	30,00	70,72	96,09	97,96
19 - 20	102,44	168,57	105,97	93,82	66,81	80,70	119,45	116,39
20 - 21	102,33	188,00	118,30	100,98	89,00	101,75	132,14	117,96
21 - 22	113,04	164,42	125,00	110,72	84,56	93,17	137,31	123,00
22 - 23	116,03	139,26	126,44	114,95	83,04	96,13	130,13	123,79
23 - 00	102,63	113,25	111,49	110,00	71,82	82,19	117,72	114,20

00 - 01	98,36	97,96	96,00	77,14	83,78	98,14	101,53	98,98
01 - 02	82,69	89,31	86,55	70,02	78,74	98,60	88,94	94,50
02 - 03	76,00	86,26	84,95	68,99	47,61	93,00	82,00	80,28
03 - 04	71,06	79,65	72,79	72,01	33,22	94,36	73,80	70,85
04 - 05	64,31	79,64	63,43	72,09	14,10	89,93	68,39	70,64
05 - 06	76,70	86,83	71,61	87,11	11,09	88,00	75,73	72,36
06 - 07	75,00	99,63	82,40	81,71	5,08	88,80	81,15	99,51
07 - 08	91,01	108,65	90,77	87,17	2,88	86,18	108,62	109,99
08 - 09	104,30	111,15	103,39	105,64	3,42	82,93	111,51	111,45
09 - 10	99,12	107,85	99,00	105,00	0,09	78,00	103,09	98,97
10 - 11	96,80	99,81	98,74	99,94	0,00	64,00	95,35	87,83
11 - 12	90,39	93,60	95,66	94,62	-0,03	46,56	91,72	85,78
12 - 13	86,45	91,50	98,97	87,56	-0,05	43,84	88,00	92,00
13 - 14	80,01	90,70	83,52	81,76	-0,08	22,34	83,33	80,85
14 - 15	78,33	88,97	78,73	75,46	-0,10	19,52	81,70	76,72
15 - 16	76,01	87,86	79,73	68,00	-0,10	29,05	76,86	75,03
16 - 17	73,60	84,82	75,12	66,20	-0,02	47,12	73,78	77,31
17 - 18	86,62	92,00	90,82	78,01	4,42	71,50	70,88	86,32
18 - 19	99,50	100,10	106,92	78,51	35,76	80,00	79,94	105,15
19 - 20	98,74	116,90	119,43	91,57	70,65	93,81	91,72	128,66
20 - 21	111,00	120,30	120,07	102,00	90,00	97,79	103,09	145,01
21 - 22	109,87	118,52	120,01	105,25	95,67	76,68	103,98	125,51
22 - 23	108,54	111,69	110,84	105,84	100,81	95,70	111,38	123,33
23 - 00	99,64	97,22	98,50	103,06	94,27	94,62	98,21	110,34

00 - 01	90,14	20,62	89,38	69,05	61,03	84,50	103,09	88,63
01 - 02	83,85	9,54	77,54	58,92	50,51	74,90	94,00	79,59
02 - 03	80,92	3,45	69,62	57,86	44,09	67,81	91,17	78,13
03 - 04	79,25	5,61	67,06	56,94	30,30	57,79	85,66	79,20
04 - 05	76,60	0,09	66,16	57,90	28,91	51,60	88,97	80,02
05 - 06	78,55	11,50	63,56	63,40	50,31	51,70	87,03	89,53
06 - 07	86,36	39,43	52,38	66,18	71,63	47,34	85,70	97,40
07 - 08	93,84	56,04	59,07	88,93	84,46	37,00	87,91	111,02
08 - 09	114,94	70,22	67,12	90,06	87,63	29,82	85,79	112,99
09 - 10	102,90	60,31	66,23	87,76	86,00	8,48	81,71	107,87
10 - 11	95,16	45,93	65,88	76,50	74,29	0,00	75,50	99,54
11 - 12	90,68	35,00	64,50	78,99	67,69	-0,01	63,75	93,00
12 - 13	86,92	35,00	52,02	75,10	65,58	9,72	59,34	87,97
13 - 14	80,81	35,00	33,08	68,57	59,94	0,08	41,00	80,00
14 - 15	77,84	22,49	24,65	60,12	59,48	-0,04	23,24	75,65
15 - 16	76,76	24,09	20,58	57,27	60,44	-0,04	20,16	76,10
16 - 17	80,68	25,11	28,84	59,01	67,78	-0,03	33,57	80,00
17 - 18	89,93	49,63	52,05	68,50	74,45	20,25	51,93	86,09
18 - 19	98,26	80,38	63,18	79,12	78,30	42,65	77,09	85,93
19 - 20	116,00	97,06	65,88	94,69	88,56	75,83	88,92	100,15
20 - 21	114,44	97,92	71,05	105,22	96,96	86,36	100,65	110,82
21 - 22	121,07	98,46	59,15	112,77	92,58	93,00	101,97	113,82
22 - 23	105,63	98,50	65,70	102,55	95,26	89,15	101,32	111,69
23 - 00	98,49	88,35	39,58	92,78	88,21	70,05	92,18	101,72

00 - 01	103,54	111,04	96,27	82,48	69,88	54,91	74,13	101,55
01 - 02	98,14	106,06	91,99	73,86	55,87	50,35	21,93	94,90
02 - 03	97,57	104,03	89,15	71,21	65,55	41,98	20,22	92,58
03 - 04	94,33	84,74	79,98	68,38	38,90	7,18	0,02	90,30
04 - 05	93,91	78,52	68,51	74,12	41,09	22,54	3,21	90,24
05 - 06	92,78	82,02	90,30	83,95	63,11	65,03	0,07	90,54
06 - 07	93,47	104,00	100,23	98,16	64,62	72,22	0,10	90,24
07 - 08	100,00	114,88	103,32	105,70	69,41	91,31	27,80	86,41
08 - 09	101,62	114,98	104,20	106,44	79,46	94,50	5,00	85,66
09 - 10	90,00	102,27	98,00	99,66	83,88	77,62	1,64	83,01
10 - 11	79,81	90,96	95,72	89,96	80,00	57,50	2,40	80,10
11 - 12	71,37	80,96	86,21	85,69	70,43	52,30	14,60	68,08
12 - 13	54,90	76,89	82,94	81,90	50,09	59,13	5,04	65,01
13 - 14	26,49	55,40	75,26	76,23	45,69	52,71	0,00	58,91
14 - 15	6,00	46,78	76,63	71,93	48,90	55,20	0,00	58,04
15 - 16	6,92	58,01	80,53	79,39	49,38	54,23	0,00	44,15
16 - 17	20,40	84,58	81,54	80,50	63,47	57,61	0,00	37,08
17 - 18	67,58	97,98	91,28	84,00	69,21	70,95	16,20	42,03
18 - 19	85,49	111,05	100,42	98,53	66,66	85,10	35,97	45,00
19 - 20	106,47	121,57	109,25	118,92	88,56	107,02	60,98	66,01
20 - 21	111,16	130,50	120,25	123,86	100,21	116,30	77,06	82,99
21 - 22	112,28	130,36	125,51	130,81	92,92	124,95	78,13	90,00
22 - 23	108,06	118,49	115,19	122,47	97,28	110,80	71,86	91,39
23 - 00	101,66	104,25	100,94	100,96	75,78	100,00	63,45	85,66

00 - 01	113,99	96,67	103,85	104,88	106,76	99,60	98,00	90,10
01 - 02	110,59	73,22	90,59	98,38	97,45	92,65	89,59	84,71
02 - 03	105,17	48,07	95,60	97,95	90,71	92,11	82,36	78,80
03 - 04	104,87	29,16	68,09	94,11	83,45	89,96	69,35	69,66
04 - 05	102,14	10,64	75,22	78,30	74,56	87,67	64,03	69,00
05 - 06	102,94	26,78	79,91	86,10	86,44	88,76	70,06	72,02
06 - 07	101,83	51,61	97,26	84,99	106,86	74,97	83,99	78,10
07 - 08	99,69	78,36	88,06	103,01	118,80	87,54	108,66	77,72
08 - 09	98,99	83,02	109,60	121,09	125,78	103,09	111,52	73,50
09 - 10	86,62	79,37	106,81	110,93	109,47	87,00	99,24	52,06
10 - 11	73,13	69,40	95,85	101,87	99,21	79,25	83,67	30,00
11 - 12	44,00	41,83	89,05	95,26	94,10	74,12	77,31	15,00
12 - 13	30,00	25,45	86,28	91,62	90,32	66,05	70,69	16,27
13 - 14	13,25	14,86	82,85	89,98	86,00	40,62	63,68	10,10
14 - 15	13,84	12,59	84,16	89,98	86,29	23,54	67,11	1,52
15 - 16	33,81	25,01	85,49	92,32	88,51	45,85	74,10	6,76
16 - 17	78,98	66,71	95,60	93,97	94,17	70,26	76,81	17,45
17 - 18	95,10	86,32	108,08	94,36	103,14	76,21	82,92	69,98
18 - 19	112,00	98,72	109,90	95,51	126,10	88,80	92,64	85,02
19 - 20	128,80	122,50	119,32	124,40	150,45	117,57	109,42	99,20
20 - 21	136,90	129,35	123,00	132,25	132,96	129,00	118,34	110,90
21 - 22	139,54	132,53	118,41	128,37	136,10	133,04	125,12	120,00
22 - 23	126,71	123,71	99,48	116,63	119,90	125,25	110,99	120,01
23 - 00	111,95	112,54	83,83	104,08	99,99	107,89	101,06	114,00

00 - 01	93,31	102,39	109,90	105,24	133,82	123,89	113,69	111,95
01 - 02	88,52	92,92	104,10	96,86	124,95	112,67	103,41	101,67
02 - 03	85,00	91,50	101,91	95,71	118,05	109,90	101,15	98,71
03 - 04	80,66	89,82	99,52	95,90	109,52	104,47	99,24	94,52
04 - 05	72,20	83,33	91,99	96,80	104,14	94,03	87,77	90,56
05 - 06	87,90	82,90	84,51	103,23	105,05	101,55	105,86	103,40
06 - 07	107,49	82,73	95,48	124,22	137,56	138,33	109,24	109,24
07 - 08	114,52	85,10	95,90	135,12	152,53	153,79	131,52	127,09
08 - 09	119,87	94,10	98,30	139,42	154,94	157,41	135,98	133,31
09 - 10	123,32	94,92	92,64	129,03	131,97	136,50	115,91	115,00
10 - 11	111,04	93,16	85,16	116,67	122,47	120,76	102,40	103,99
11 - 12	109,25	93,87	81,70	110,63	112,61	115,89	99,67	101,51
12 - 13	103,67	89,29	85,86	102,36	115,00	114,18	99,51	101,10
13 - 14	101,76	78,72	81,08	100,06	112,27	114,35	95,28	101,10
14 - 15	100,10	60,72	78,76	96,85	113,00	113,93	95,50	97,51
15 - 16	72,89	37,26	81,93	93,20	117,94	115,35	99,41	97,09
16 - 17	80,01	61,97	87,57	91,33	124,78	120,04	102,17	101,08
17 - 18	97,12	63,00	95,00	91,33	159,95	145,79	110,46	118,71
18 - 19	102,06	89,67	104,47	94,35	212,54	225,50	138,60	135,69
19 - 20	127,41	104,39	122,70	130,28	265,30	276,12	188,19	155,66
20 - 21	138,90	124,34	120,50	139,69	250,00	275,02	173,38	149,65
21 - 22	138,08	127,55	128,22	140,61	188,16	240,79	165,31	149,30
22 - 23	123,72	119,00	122,98	128,78	159,70	172,82	145,80	136,01
23 - 00	107,94	102,99	110,63	108,34	130,33	138,67	127,60	115,00

00 - 01	81,41	83,02	105,28	107,46	98,90	96,31	100,12	103,19
01 - 02	66,33	71,75	100,00	102,70	95,97	91,76	98,60	96,97
02 - 03	72,12	62,57	88,30	100,00	93,29	91,43	96,36	95,04
03 - 04	73,11	54,80	82,00	91,43	85,67	90,83	90,95	86,72
04 - 05	54,60	52,86	79,96	78,64	78,18	88,38	87,37	85,27
05 - 06	80,34	55,04	79,91	71,62	85,01	91,76	91,86	87,70
06 - 07	57,00	86,00	80,31	92,79	100,16	105,43	101,89	110,72
07 - 08	119,02	114,00	80,00	101,09	115,46	108,89	124,88	122,01
08 - 09	118,11	120,29	80,00	100,22	119,01	128,50	129,16	139,07
09 - 10	97,78	109,36	78,00	94,58	111,25	115,02	122,52	139,56
10 - 11	88,00	92,88	60,30	89,77	102,18	97,56	110,39	122,15
11 - 12	81,85	82,07	43,43	79,90	96,52	92,43	100,15	109,51
12 - 13	79,11	77,69	21,37	76,00	92,02	90,06	97,87	106,86
13 - 14	75,23	72,53	11,33	62,99	88,90	89,31	95,68	97,51
14 - 15	80,48	72,05	4,94	55,35	80,50	88,20	91,92	95,16
15 - 16	83,00	74,94	15,71	69,40	81,70	88,00	88,70	84,80
16 - 17	88,51	78,01	53,66	80,01	80,34	90,43	86,51	82,19
17 - 18	103,26	83,27	80,11	93,45	95,96	101,03	88,41	89,85
18 - 19	129,10	104,79	90,43	110,00	114,11	113,81	106,07	125,90
19 - 20	151,13	131,12	103,64	121,92	123,18	125,01	127,01	141,95
20 - 21	149,23	138,33	102,43	126,96	126,73	136,66	138,45	141,07
21 - 22	121,95	122,38	110,78	115,20	127,82	126,15	134,40	136,68
22 - 23	107,61	104,95	103,37	105,64	118,56	106,14	119,49	122,08
23 - 00	96,03	94,14	95,12	97,34	114,65	96,89	101,59	102,81

00 - 01	106,45	102,18	105,00	105,85	105,20	84,62	95,42	88,89
01 - 02	99,90	84,08	96,03	99,88	102,47	81,52	91,37	85,52
02 - 03	97,89	82,94	96,03	95,81	100,01	82,06	89,06	79,09
03 - 04	93,84	75,34	85,17	89,85	100,00	82,10	83,81	72,80
04 - 05	76,61	72,15	76,29	67,93	90,15	79,23	80,15	74,11
05 - 06	86,86	73,99	87,93	79,74	87,34	83,01	88,85	80,74
06 - 07	107,18	97,47	91,30	85,87	102,99	103,00	103,35	89,88
07 - 08	123,27	135,13	129,16	91,31	102,60	121,50	130,00	125,55
08 - 09	137,72	140,78	136,44	87,06	96,09	122,47	126,00	119,19
09 - 10	124,91	123,22	113,00	87,91	89,77	100,13	102,68	97,73
10 - 11	103,21	112,86	95,16	55,99	79,64	90,40	88,87	88,65
11 - 12	96,86	101,59	96,89	18,00	65,53	82,48	86,72	82,10
12 - 13	94,97	97,00	93,97	8,28	62,98	77,68	79,55	75,34
13 - 14	93,00	95,86	88,46	0,03	32,01	71,40	74,42	77,15
14 - 15	91,76	97,20	90,00	0,00	26,32	72,87	80,94	75,48
15 - 16	90,55	99,90	92,53	26,44	57,89	80,23	82,00	82,50
16 - 17	91,93	107,91	100,18	79,00	78,80	88,41	88,30	91,44
17 - 18	100,27	117,31	122,51	97,06	94,54	107,90	103,14	105,87
18 - 19	123,27	129,40	186,59	115,74	116,63	130,10	133,53	145,83
19 - 20	130,01	145,90	227,26	121,04	139,82	164,05	167,27	182,52
20 - 21	137,50	147,47	187,08	129,94	137,67	159,99	146,75	166,04
21 - 22	122,79	136,62	148,80	131,57	131,78	132,08	118,00	123,13
22 - 23	106,41	115,55	131,41	113,93	110,90	113,93	101,40	105,50
23 - 00	98,07	93,77	119,94	100,86	103,16	105,98	88,90	95,72

00 - 01	67,56	6,35	1,43	85,00	108,99	96,24	100,89	96,30
01 - 02	38,10	2,76	-0,01	82,51	105,23	94,02	97,01	93,21
02 - 03	31,77	0,00	-0,03	81,73	87,55	75,87	94,84	83,42
03 - 04	2,07	-0,09	-0,08	66,89	73,19	60,11	76,68	73,51
04 - 05	0,09	-0,08	-0,06	42,92	57,79	44,07	63,35	55,00
05 - 06	33,08	-0,05	-0,04	59,07	77,75	70,67	82,68	76,31
06 - 07	77,57	13,86	72,23	106,96	79,05	72,82	80,76	106,02
07 - 08	110,11	93,37	106,33	125,40	79,33	57,82	119,56	125,00
08 - 09	115,82	105,64	110,43	129,00	78,51	97,86	125,07	127,77
09 - 10	106,00	81,87	88,77	105,85	70,01	90,79	104,38	118,02
10 - 11	102,13	14,01	20,64	90,65	50,23	79,00	93,58	96,82
11 - 12	92,83	6,10	5,95	74,30	37,99	64,97	89,46	90,87
12 - 13	88,31	3,14	3,35	56,85	21,21	54,48	79,10	88,99
13 - 14	86,25	-0,01	0,33	37,02	4,08	32,44	64,22	87,25
14 - 15	90,88	-0,01	-0,01	40,88	4,30	34,40	71,26	89,20
15 - 16	93,80	0,85	0,07	48,41	38,70	74,46	81,94	89,20
16 - 17	104,98	9,16	0,08	51,41	45,40	76,00	93,59	94,00
17 - 18	96,02	60,91	50,00	53,75	68,14	81,68	108,29	94,68
18 - 19	102,00	81,73	99,99	106,90	81,09	103,00	118,97	121,10
19 - 20	119,53	112,94	115,61	129,22	120,31	118,59	124,00	131,44
20 - 21	121,38	115,45	112,48	125,75	125,80	121,57	124,64	145,91
21 - 22	114,80	96,93	89,21	90,84	118,25	114,07	112,85	125,03
22 - 23	100,10	87,23	69,02	87,38	108,91	105,03	95,85	114,08
23 - 00	94,75	76,92	20,56	63,64	99,18	98,17	95,77	99,37

00 - 01	108,50	79,61	105,51	114,08	34,63	98,71	109,04	88,40
01 - 02	91,43	65,54	102,00	107,99	10,00	87,24	98,13	87,16
02 - 03	58,10	57,64	102,46	104,93	1,09	77,73	97,05	51,12
03 - 04	51,20	9,66	101,47	104,58	0,05	59,34	91,72	21,41
04 - 05	38,99	37,73	100,37	100,79	0,49	56,88	88,14	0,08
05 - 06	49,97	55,69	104,30	107,99	47,42	47,79	91,78	49,87
06 - 07	89,00	93,77	119,57	107,15	80,51	29,81	98,88	62,50
07 - 08	122,10	126,25	133,23	136,64	139,15	41,87	107,20	116,96
08 - 09	130,05	129,56	140,01	146,60	143,00	44,17	109,99	125,00
09 - 10	106,81	110,85	128,37	118,04	118,32	59,36	104,68	118,13
10 - 11	92,07	93,36	102,33	100,96	97,07	1,06	90,75	99,64
11 - 12	87,37	88,56	93,26	96,19	89,01	0,85	84,90	90,93
12 - 13	82,05	83,73	90,20	91,85	83,76	-0,02	79,89	85,65
13 - 14	72,44	82,18	87,34	84,56	76,11	-0,50	70,55	77,11
14 - 15	77,04	87,70	82,20	90,34	84,09	-1,98	53,42	70,77
15 - 16	90,70	92,02	77,14	98,02	92,06	-0,12	72,01	71,41
16 - 17	96,71	99,89	87,06	104,51	97,46	3,54	78,23	76,91
17 - 18	112,00	97,00	87,63	122,47	103,00	24,99	87,55	78,66
18 - 19	121,45	119,77	110,02	135,42	130,07	85,20	117,82	105,00
19 - 20	141,24	133,67	133,68	150,69	149,88	129,47	139,64	121,27
20 - 21	133,10	143,47	122,09	160,34	156,59	134,98	145,00	133,59
21 - 22	113,40	120,06	106,28	126,27	124,90	105,00	117,91	114,90
22 - 23	106,57	110,69	96,38	108,06	119,20	76,03	106,92	105,93
23 - 00	101,07	103,09	75,98	101,28	110,02	66,54	102,82	103,06

00 - 01	82,94	87,39	83,19	74,89	97,58	94,90	102,73	94,98
01 - 02	33,98	84,86	77,52	23,22	51,34	93,17	94,14	90,79
02 - 03	10,90	78,72	70,91	23,33	48,34	93,40	88,60	89,27
03 - 04	8,88	75,06	61,97	17,24	27,87	92,02	36,15	88,72
04 - 05	8,33	66,57	69,47	20,22	0,10	95,68	45,11	88,28
05 - 06	23,60	72,41	79,20	48,71	7,01	99,33	62,10	92,10
06 - 07	54,80	96,11	92,37	98,71	12,41	123,31	67,11	105,30
07 - 08	70,28	120,37	108,58	117,85	54,90	137,36	88,08	109,45
08 - 09	72,94	120,80	122,75	121,98	57,96	144,50	82,10	111,56
09 - 10	69,58	104,39	107,11	106,08	62,41	128,00	62,73	105,08
10 - 11	46,79	85,01	87,33	77,88	48,61	105,32	40,00	87,50
11 - 12	19,66	67,67	84,22	69,53	33,66	92,10	8,99	70,50
12 - 13	10,41	60,85	81,05	69,23	19,51	90,01	0,04	42,76
13 - 14	0,22	39,07	77,02	45,45	2,32	87,70	-0,01	15,16
14 - 15	1,00	30,27	80,03	51,70	-0,01	88,07	-0,02	15,04
15 - 16	22,01	48,23	83,80	63,06	0,96	90,50	1,53	56,00
16 - 17	62,13	64,53	83,57	81,39	6,43	99,73	62,73	85,01
17 - 18	86,44	88,49	85,20	92,00	32,22	103,00	92,65	100,43
18 - 19	102,28	106,92	112,94	111,12	92,00	135,00	120,06	113,72
19 - 20	108,91	116,28	137,95	130,02	122,20	182,02	130,00	132,03
20 - 21	100,00	103,64	139,40	116,86	130,00	160,07	130,00	124,28
21 - 22	83,99	85,90	109,93	88,45	102,29	120,00	115,16	101,06
22 - 23	76,19	85,47	100,98	85,59	93,25	103,25	106,62	107,40
23 - 00	72,00	95,34	94,58	77,90	83,96	100,00	99,97	101,04

00 - 01	37,61	2,52	123,99	93,24	64,74	104,00	91,11	89,33
01 - 02	18,52	0,72	115,00	95,13	29,00	100,60	87,45	80,22
02 - 03	6,22	0,17	107,14	100,60	11,94	99,90	82,44	76,28
03 - 04	9,49	0,04	101,40	95,81	6,39	99,52	77,40	73,43
04 - 05	6,12	0,04	97,30	89,04	7,55	97,33	75,00	71,81
05 - 06	7,95	0,07	79,03	102,60	14,78	83,00	79,05	77,09
06 - 07	6,43	2,25	117,48	126,50	85,56	124,47	97,96	83,51
07 - 08	31,97	5,25	124,59	134,24	129,85	151,10	113,85	99,99
08 - 09	42,11	23,87	143,00	148,39	142,42	159,48	128,81	101,14
09 - 10	49,95	34,15	132,05	145,38	121,74	132,34	122,20	99,50
10 - 11	37,24	35,43	99,00	130,66	90,06	115,35	111,78	85,95
11 - 12	12,62	21,73	72,17	124,54	96,48	105,45	105,38	75,70
12 - 13	32,64	37,35	34,45	111,07	90,81	96,65	99,33	69,51
13 - 14	10,32	22,49	7,68	104,29	48,12	86,13	93,02	55,14
14 - 15	7,07	12,42	4,31	108,38	21,54	87,52	93,02	54,59
15 - 16	10,63	8,66	4,24	120,00	41,63	87,36	93,00	70,80
16 - 17	29,35	8,25	10,00	113,87	66,36	80,11	103,68	79,86
17 - 18	91,60	70,94	52,42	144,38	106,30	111,13	129,47	87,00
18 - 19	146,75	121,50	83,81	170,61	132,12	129,98	189,02	116,69
19 - 20	155,91	142,22	92,07	221,18	142,24	143,21	221,70	139,01
20 - 21	155,22	138,20	41,55	152,03	127,56	108,72	184,50	131,85
21 - 22	127,10	106,03	12,93	129,36	107,59	89,39	133,55	110,20
22 - 23	123,88	101,67	7,86	123,50	104,93	90,52	120,00	104,42
23 - 00	106,45	97,38	5,19	109,84	103,42	70,63	112,70	96,34

00 - 01	104,31	41,42	53,10	77,59	11,68	61,37	127,58	106,38
01 - 02	100,44	30,36	37,27	51,68	3,00	38,00	114,04	100,68
02 - 03	101,28	18,60	39,74	41,36	1,06	27,01	108,22	100,00
03 - 04	99,27	15,63	25,00	24,80	3,46	10,00	96,30	98,26
04 - 05	96,90	18,35	16,35	5,70	4,30	0,98	93,20	96,62
05 - 06	100,68	34,32	16,35	32,18	6,50	9,15	95,32	101,35
06 - 07	104,31	30,26	29,63	65,59	53,25	47,08	114,00	139,56
07 - 08	136,81	58,20	51,60	108,12	75,00	75,32	138,87	159,37
08 - 09	157,47	56,04	55,00	120,55	109,10	98,74	166,39	175,12
09 - 10	150,46	64,54	56,70	124,76	127,00	95,27	159,56	156,57
10 - 11	128,07	53,15	44,83	117,63	118,97	90,32	135,03	133,88
11 - 12	109,03	49,63	31,10	111,24	112,31	76,92	113,94	117,58
12 - 13	102,26	44,99	20,80	103,00	119,80	70,09	108,08	114,14
13 - 14	103,22	29,19	10,00	97,71	104,20	64,00	96,89	106,05
14 - 15	107,00	32,96	13,21	94,36	103,27	60,12	90,45	109,49
15 - 16	111,12	52,40	17,05	95,59	106,90	45,55	90,00	116,75
16 - 17	114,80	68,55	17,75	99,32	104,23	46,97	90,00	138,96
17 - 18	126,87	97,84	50,09	112,00	100,80	61,37	91,80	145,94
18 - 19	136,51	134,21	89,47	123,50	143,88	83,99	121,72	185,80
19 - 20	157,91	140,59	114,96	127,78	143,10	113,47	145,04	240,00
20 - 21	129,95	127,73	90,94	106,78	116,81	101,30	128,24	161,75
21 - 22	105,35	112,47	55,18	86,36	95,19	88,87	103,99	145,54
22 - 23	108,96	102,18	51,27	81,88	97,89	70,00	92,10	135,20
23 - 00	92,76	97,74	40,15	57,15	86,04	40,14	84,78	119,22

00 - 01	86,05	8,00	8,07	84,60	104,56	92,53	99,07	101,33
01 - 02	79,20	8,20	1,38	68,61	95,05	93,43	94,56	97,21
02 - 03	71,96	8,36	0,02	64,59	77,96	92,57	89,48	94,54
03 - 04	64,80	10,02	0,00	55,00	63,97	90,00	85,04	89,46
04 - 05	65,50	13,91	0,00	45,96	45,37	91,56	45,59	90,67
05 - 06	75,26	21,20	0,00	34,19	70,13	100,00	73,64	95,06
06 - 07	94,80	77,65	0,05	60,04	87,44	117,08	91,83	104,04
07 - 08	114,20	106,25	0,69	57,73	122,93	133,66	110,48	122,96
08 - 09	129,47	111,00	0,91	87,49	151,43	143,85	118,38	132,13
09 - 10	115,01	103,00	0,86	89,17	152,70	149,00	140,51	136,35
10 - 11	105,24	90,00	0,60	87,01	127,20	146,37	127,61	128,37
11 - 12	104,50	96,17	0,66	69,19	103,92	140,00	122,96	125,00
12 - 13	102,64	102,54	0,96	39,01	95,08	131,11	117,41	118,99
13 - 14	101,94	114,62	1,42	30,00	92,11	120,09	114,94	112,54
14 - 15	109,92	123,98	10,35	16,99	68,67	119,60	106,79	109,45
15 - 16	119,07	139,45	14,56	25,04	84,57	108,30	94,27	103,48
16 - 17	135,11	140,32	7,69	14,80	63,97	101,98	89,15	118,24
17 - 18	161,81	165,84	21,58	36,95	116,04	114,71	76,95	127,93
18 - 19	172,04	171,00	48,30	76,90	140,30	151,09	148,28	150,19
19 - 20	152,92	151,22	64,21	63,50	140,92	151,41	158,20	154,12
20 - 21	125,88	129,05	63,81	41,20	121,68	131,29	137,25	133,45
21 - 22	115,92	106,98	56,21	24,26	100,38	119,06	123,77	119,31
22 - 23	109,31	114,35	52,47	16,82	96,95	117,06	120,06	114,10
23 - 00	98,43	99,99	39,31	4,56	93,70	104,85	112,80	102,78

00 - 01	93,35	82,19	14,10	8,71	45,72	15,17	19,15	63,40
01 - 02	79,39	76,63	9,43	6,59	32,06	11,47	4,30	17,02
02 - 03	77,99	70,96	4,30	5,18	30,00	10,00	0,77	7,90
03 - 04	76,30	68,01	1,77	2,98	22,01	5,73	0,06	9,92
04 - 05	66,76	70,25	4,30	4,24	19,19	9,73	0,09	6,79
05 - 06	75,01	83,80	16,93	7,99	15,40	23,60	1,60	12,73
06 - 07	84,98	103,33	73,57	7,82	16,13	62,04	14,77	33,05
07 - 08	107,92	133,05	96,64	11,29	25,08	90,98	76,56	59,73
08 - 09	111,47	136,57	98,58	14,38	25,85	95,25	85,33	57,00
09 - 10	93,92	119,05	78,29	20,30	20,00	89,59	71,79	69,23
10 - 11	85,24	99,55	61,30	13,27	13,95	82,98	60,63	40,10
11 - 12	78,85	89,03	57,46	12,97	15,20	72,70	62,27	39,71
12 - 13	76,20	86,21	58,05	13,69	20,00	62,61	61,85	47,64
13 - 14	76,50	88,79	66,98	4,90	21,14	61,62	61,34	30,50
14 - 15	83,78	98,38	80,53	3,80	30,79	65,55	75,00	17,96
15 - 16	102,18	108,91	100,08	14,62	37,75	69,84	87,00	16,32
16 - 17	96,44	115,20	113,29	33,00	26,96	82,35	93,77	38,08
17 - 18	119,72	138,88	138,80	39,68	31,15	84,07	101,02	47,02
18 - 19	127,43	150,59	151,74	72,77	46,98	93,33	111,55	81,53
19 - 20	121,31	133,89	140,31	59,26	36,89	89,66	96,55	71,90
20 - 21	115,17	105,84	112,48	47,02	22,05	70,24	88,14	56,59
21 - 22	99,00	92,98	106,99	27,30	16,21	53,61	76,17	40,87
22 - 23	92,30	92,39	100,11	22,86	11,73	45,53	72,27	38,83
23 - 00	80,68	86,51	89,36	16,42	7,05	22,88	57,04	21,68

00 - 01	85,48	81,10	12,49	91,26	89,65	87,30	64,32	76,80
01 - 02	83,29	76,42	3,30	86,82	85,36	85,89	59,73	77,79
02 - 03	82,06	72,90	1,90	87,00	83,41	85,88	53,74	75,89
03 - 04	79,90	70,69	1,30	80,97	70,77	83,21	48,36	77,16
04 - 05	84,81	74,45	1,60	62,03	41,46	82,71	50,00	78,67
05 - 06	91,21	80,68	4,74	66,94	68,26	85,44	67,76	84,63
06 - 07	102,52	93,55	52,00	50,05	73,95	86,30	85,22	109,61
07 - 08	126,90	112,67	81,61	90,00	73,21	88,00	106,90	120,06
08 - 09	129,99	117,72	89,42	107,00	81,35	92,00	113,00	126,35
09 - 10	128,59	103,41	81,75	90,59	89,75	94,89	111,05	114,25
10 - 11	120,10	92,59	73,76	103,76	87,96	91,28	99,38	100,08
11 - 12	116,62	85,50	72,82	88,70	82,84	90,22	92,21	95,00
12 - 13	122,63	84,42	75,08	77,56	88,09	87,94	85,36	90,16
13 - 14	103,15	83,35	75,53	59,25	75,01	87,80	90,15	92,32
14 - 15	90,28	82,51	81,71	58,41	73,59	91,50	95,95	100,61
15 - 16	84,79	84,52	87,55	40,10	95,29	102,87	106,95	114,74
16 - 17	89,61	102,94	79,83	51,09	97,48	115,78	109,99	97,75
17 - 18	111,40	120,20	97,79	86,22	80,52	127,98	129,22	132,31
18 - 19	120,52	129,90	118,14	94,02	114,56	135,76	135,10	128,74
19 - 20	125,28	121,09	117,02	104,57	100,70	124,47	123,58	112,22
20 - 21	121,20	110,51	100,43	86,99	77,80	113,51	112,93	103,63
21 - 22	115,00	97,76	88,52	63,98	107,33	102,58	105,10	92,50
22 - 23	110,20	91,66	91,29	55,10	100,14	92,38	103,97	84,04
23 - 00	100,85	84,21	85,50	45,92	88,02	87,41	93,20	74,36

00 - 01	35,93	64,97	98,00	102,75	68,30	19,64	110,56	106,00
01 - 02	10,78	46,05	95,01	98,20	62,68	6,04	97,38	100,00
02 - 03	12,41	41,12	95,01	96,12	59,91	4,10	90,61	96,93
03 - 04	1,63	30,13	92,00	91,17	46,74	0,13	85,87	92,79
04 - 05	2,40	23,96	92,42	90,94	57,29	0,07	82,36	95,70
05 - 06	31,88	38,57	93,80	101,17	80,43	0,09	82,45	103,20
06 - 07	71,96	85,62	115,23	119,70	101,00	2,33	85,41	119,66
07 - 08	96,81	116,59	118,38	128,30	125,71	5,59	92,08	131,03
08 - 09	116,97	128,52	136,17	126,27	123,01	14,49	100,00	141,92
09 - 10	111,00	118,70	131,16	131,38	113,81	18,78	94,12	134,75
10 - 11	98,01	100,91	114,87	135,00	104,02	12,62	89,20	127,87
11 - 12	91,52	81,19	103,40	130,99	106,41	12,68	72,69	125,18
12 - 13	78,74	70,24	95,32	129,87	90,75	11,70	77,74	119,63
13 - 14	76,60	78,13	102,57	125,87	104,77	3,86	70,80	112,78
14 - 15	84,12	82,84	116,91	131,84	114,02	18,60	66,05	123,91
15 - 16	86,72	87,37	120,11	124,66	104,45	42,06	67,69	127,81
16 - 17	100,26	93,89	127,45	126,88	104,28	67,70	83,67	127,44
17 - 18	110,84	118,37	133,11	140,46	115,40	91,57	105,64	146,32
18 - 19	112,80	129,38	129,89	142,08	139,98	104,68	108,67	150,33
19 - 20	105,59	125,76	118,86	132,35	130,08	104,01	93,87	141,92
20 - 21	97,71	104,67	116,94	124,79	120,04	89,10	84,84	128,53
21 - 22	83,41	87,94	97,37	110,52	107,01	84,55	78,48	120,49
22 - 23	83,13	75,00	99,53	110,91	108,05	88,05	73,70	118,53
23 - 00	79,19	39,02	86,97	98,04	98,35	80,05	57,87	112,93

00 - 01	105,87	106,91	104,79	98,41	77,74	99,47	112,88	78,07
01 - 02	103,65	102,63	104,52	94,87	70,49	94,29	107,70	74,03
02 - 03	103,58	99,10	102,20	92,17	67,47	89,90	105,00	72,07
03 - 04	101,72	95,88	100,00	86,74	64,47	88,82	102,36	71,61
04 - 05	99,58	96,07	101,63	85,10	68,29	87,91	99,00	69,99
05 - 06	98,49	102,22	106,30	95,70	80,15	94,09	99,68	74,19
06 - 07	99,60	119,90	129,41	105,07	95,50	122,01	103,44	79,81
07 - 08	106,32	151,97	168,09	134,48	118,38	128,75	113,27	87,08
08 - 09	120,34	202,93	219,27	149,93	128,42	144,99	113,48	94,29
09 - 10	127,99	221,56	237,01	146,47	138,58	139,41	117,66	91,95
10 - 11	130,75	213,91	222,13	133,94	139,21	138,00	116,10	89,17
11 - 12	127,00	211,95	222,96	129,96	138,52	136,94	114,28	87,06
12 - 13	121,15	195,65	195,00	128,36	135,64	133,97	113,62	84,92
13 - 14	114,58	172,01	189,63	132,59	137,74	132,67	110,10	83,16
14 - 15	118,52	173,52	195,00	146,95	143,92	130,00	115,10	90,09
15 - 16	123,50	180,01	195,00	168,00	150,00	122,10	123,26	96,16
16 - 17	129,79	199,86	226,00	200,00	164,01	119,48	134,15	115,05
17 - 18	143,95	230,09	260,95	250,00	189,98	127,20	144,35	124,10
18 - 19	144,91	198,49	249,34	250,00	177,00	128,90	156,68	130,26
19 - 20	129,64	168,23	197,40	200,00	161,99	127,33	146,10	127,55
20 - 21	122,63	142,16	153,82	161,00	140,98	118,44	135,91	127,31
21 - 22	116,83	125,00	132,66	139,01	129,30	102,80	122,41	118,81
22 - 23	112,78	118,00	124,49	128,50	119,76	100,00	118,99	118,96
23 - 00	110,00	108,07	113,51	114,27	109,08	85,11	102,56	116,86

00 - 01	34,02	95,00	87,09	99,20	94,97	90,85	93,86	109,20
01 - 02	22,21	85,10	83,26	97,85	93,10	88,01	89,81	104,80
02 - 03	13,96	79,49	81,43	96,86	92,57	85,73	88,02	103,39
03 - 04	7,36	73,07	79,52	91,81	90,96	83,62	85,38	101,23
04 - 05	10,65	61,82	80,00	89,92	90,59	84,71	85,83	96,56
05 - 06	18,53	67,47	87,04	94,53	93,89	91,02	92,04	93,10
06 - 07	24,32	76,04	100,40	110,05	107,03	108,00	103,73	89,65
07 - 08	42,10	82,70	108,40	130,13	133,61	113,96	116,67	92,83
08 - 09	59,77	85,65	113,40	150,00	167,00	123,32	123,16	97,02
09 - 10	65,73	92,37	118,91	137,70	166,54	122,88	126,67	100,15
10 - 11	69,23	86,95	118,92	125,50	150,00	120,55	128,16	104,96
11 - 12	53,85	82,14	118,30	109,70	146,29	118,47	130,70	105,07
12 - 13	62,10	73,68	117,04	104,88	137,17	116,10	126,45	102,91
13 - 14	50,94	80,47	112,29	98,40	131,37	116,10	119,99	100,00
14 - 15	65,32	87,51	113,28	94,34	137,25	115,25	127,61	105,68
15 - 16	63,19	62,72	98,16	89,13	143,99	122,09	125,95	115,00
16 - 17	49,32	69,16	101,90	85,00	164,00	129,24	126,12	122,20
17 - 18	50,00	82,54	115,10	108,91	178,07	146,79	132,45	127,90
18 - 19	57,06	83,21	118,60	121,44	165,28	147,47	129,22	129,05
19 - 20	62,40	76,27	106,32	105,43	149,93	141,56	123,02	126,07
20 - 21	55,40	68,43	104,90	100,75	129,91	128,63	115,00	112,33
21 - 22	50,00	63,26	101,12	97,00	115,68	117,83	105,55	100,00
22 - 23	47,00	57,87	98,85	96,42	107,33	111,55	100,00	99,09
23 - 00	53,88	46,18	90,58	87,08	100,44	103,28	91,76	89,00

00 - 01	68,05	46,50	67,20	86,04	77,34	75,69	88,09	35,00
01 - 02	62,33	45,19	63,21	82,85	75,27	72,94	87,06	16,66
02 - 03	64,98	48,79	60,37	80,00	72,27	73,78	85,62	13,98
03 - 04	53,41	28,77	58,00	76,44	71,35	71,57	84,42	10,00
04 - 05	56,35	26,39	54,10	75,16	68,99	73,17	77,70	13,24
05 - 06	69,72	29,93	55,64	80,41	78,48	75,92	77,17	37,02
06 - 07	84,79	39,16	59,34	95,97	85,25	82,23	92,98	76,43
07 - 08	104,24	47,10	65,10	106,53	97,20	100,01	106,07	96,49
08 - 09	109,86	57,72	79,89	121,50	100,03	97,70	103,08	101,65
09 - 10	104,49	59,17	85,50	117,58	104,98	101,23	104,79	100,12
10 - 11	89,03	54,43	82,43	109,98	102,45	98,78	84,22	94,57
11 - 12	81,17	49,00	76,37	102,82	95,94	98,34	89,07	92,26
12 - 13	74,89	43,71	71,92	94,34	101,97	97,01	85,75	85,10
13 - 14	75,16	40,34	70,80	88,51	86,85	91,00	67,84	83,58
14 - 15	81,75	47,50	75,74	87,49	92,94	99,63	78,73	93,27
15 - 16	84,30	58,12	80,50	88,82	94,61	97,07	84,72	99,42
16 - 17	95,83	67,00	84,33	98,95	110,64	97,78	90,76	108,84
17 - 18	104,66	83,17	93,38	104,62	125,54	108,34	99,47	119,73
18 - 19	103,74	88,91	97,51	102,19	125,21	105,59	106,34	123,57
19 - 20	96,77	93,37	93,57	93,69	114,43	102,41	94,63	122,01
20 - 21	82,07	88,60	83,54	93,36	102,37	94,68	90,88	114,41
21 - 22	77,93	88,08	76,67	88,36	96,20	90,88	84,10	99,97
22 - 23	83,20	92,49	82,52	86,77	94,46	92,35	77,00	96,60
23 - 00	79,46	70,68	69,06	76,71	85,57	84,25	77,12	87,69

00 - 01	0,00	-0,09	0,62	3,56	0,72	30,70	57,85	78,51
01 - 02	-0,01	-2,32	0,13	1,45	0,35	25,90	50,48	73,91
02 - 03	-0,06	-7,25	0,06	0,06	0,14	21,49	48,00	76,14
03 - 04	-2,37	-9,15	-0,60	0,00	0,00	4,62	39,98	58,20
04 - 05	-3,42	-11,93	-3,15	-0,01	0,00	1,48	33,88	59,31
05 - 06	-1,47	-6,58	-3,96	0,00	1,45	5,01	42,16	65,34
06 - 07	0,00	-7,41	-2,34	0,10	4,43	29,93	51,70	81,91
07 - 08	0,95	-4,32	-0,07	7,43	34,00	52,27	73,58	95,02
08 - 09	11,22	-0,06	0,02	20,00	49,66	61,33	85,81	101,15
09 - 10	21,77	0,92	0,75	42,08	50,93	54,22	90,37	94,38
10 - 11	17,76	1,97	0,06	40,15	36,48	51,83	82,20	86,10
11 - 12	9,61	0,40	0,32	36,10	34,47	44,80	75,65	79,71
12 - 13	2,88	0,01	0,69	34,99	33,86	42,18	64,66	76,50
13 - 14	0,96	0,00	0,08	27,26	33,23	32,69	65,64	75,31
14 - 15	14,56	0,02	1,14	30,00	37,96	34,73	74,03	81,00
15 - 16	33,08	0,05	2,01	23,17	42,60	40,28	78,66	85,78
16 - 17	64,03	0,09	1,64	30,16	45,15	40,06	82,82	89,88
17 - 18	71,56	1,67	7,54	18,71	46,43	57,79	90,34	95,55
18 - 19	77,02	18,45	6,11	34,60	54,65	58,99	88,06	93,78
19 - 20	76,97	14,31	4,20	37,67	46,70	62,42	84,44	92,35
20 - 21	72,73	10,06	-0,02	18,39	34,05	55,29	78,37	86,08
21 - 22	57,98	5,37	-0,04	20,76	30,34	42,14	67,19	80,36
22 - 23	61,18	5,05	-0,07	20,31	30,41	34,65	61,42	76,59
23 - 00	63,15	0,08	-0,08	7,94	12,00	11,79	49,10	59,90

00 - 01	0,10	18,21	13,54	0,25	1,43	60,03	
01 - 02	0,01	5,00	10,12	0,08	0,69	58,86	
02 - 03	0,00	4,00	8,88	-0,01	0,06	56,68	
03 - 04	-0,01	0,31	5,63	-0,09	-0,01	50,92	
04 - 05	-0,03	0,00	5,74	-0,45	0,01	49,17	
05 - 06	-0,02	0,00	8,45	-0,01	1,58	52,43	
06 - 07	-0,04	0,01	13,24	0,65	2,69	65,06	
07 - 08	-0,01	1,08	27,49	0,68	18,56	67,19	
08 - 09	0,00	4,30	39,77	10,72	38,56	65,21	
09 - 10	0,04	10,47	40,09	21,83	38,82	77,42	
10 - 11	0,06	14,00	32,14	21,51	29,83	64,51	
11 - 12	0,54	11,51	29,61	17,79	22,03	68,00	
12 - 13	2,24	12,01	25,78	11,65	11,32	64,39	
13 - 14	2,06	7,21	27,14	7,43	9,48	62,98	
14 - 15	1,73	10,06	42,04	17,46	20,06	64,39	
15 - 16	5,72	13,98	46,49	25,33	30,40	65,64	
16 - 17	18,49	13,73	54,10	29,81	43,07	74,00	
17 - 18	37,00	17,75	75,00	39,02	56,91	80,51	
18 - 19	47,50	25,94	79,99	38,93	55,48	74,55	
19 - 20	54,97	17,75	71,09	34,48	47,28	65,21	
20 - 21	48,61	16,43	62,01	25,73	34,75	54,73	
21 - 22	24,88	8,16	28,73	19,91	32,05	25,37	
22 - 23	35,89	10,68	50,10	26,66	27,64	17,67	
23 - 00	35,55	3,64	43,23	19,01	4,09	1,19	